56.333333333
48.0
52.666666667
52.666666667
59.0
84.333333333
38.333333333
68.0
64.0
85.333333333
64.0
90.333333333
69.0
37.666666667
68.333333333
46.666666667
55.0
75.333333333
67.333333333
74.0
34.333333333
40.0
82.666666667
46.333333333
42.666666667
52.333333333
61.0
56.0
55.666666667
84.666666667
60.333333333
78.666666667
61.333333333
67.333333333
67.666666667
50.666666667
62.666666667
75.666666667
63.0
53.666666667
67.333333333
45.333333333
70.333333333
35.333333333
64.0
43.666666667
64.0
63.333333333
58.0
56.666666667
55.333333333
46.666666667
60.666666667
81.0
47.333333333
66.0
61.0
63.666666667
38.0
48.333333333
68.333333333
54.666666667
68.666666667
53.0
71.0
70.333333333
86.333333333
66.0
52.0
58.956521739 55.101449275 67.652173913